15 7
2 1 2 1 1 2 566376098 1
2 2 2 1 1 1 566376110 2
1 1 1 1 2 1 566376106 2
2 1 1 1 1 2 566376118 1
2 2 2 2 1 1 566376114 1
1 1 2 1 1 2 566376126 2
2 1 1 2 1 2 566376122 2
1 2 1 2 2 1 566376070 1
1 1 2 1 1 1 566376066 1
1 1 2 2 1 1 566376078 1
1 1 2 1 2 1 566376074 1
1 2 2 1 1 1 566376086 2
2 2 1 2 1 1 566376082 2
1 2 1 1 1 2 566376094 2
2 2 1 2 2 1 566376090 2
 1433548406 1
65920 4
3 3 5 -2013265920 3
5 1
1 1 2 2 2 2 997089509 1
1 1 1 1 2 2 997089529 1
2 2 1 1 1 2 997089533 1
1 1 2 1202740118 1
2 2 2 -2013265920 1
2 2 2 1 1 2 2 -2013265920 1
