15 16
5 3 5 4 2 4 5 3 4 6 6 5 4 5 1 4 2 5 2 3 1 1 4 3 4 3 5 1 1 5 3 4 4 1 1 1 1 2 6 1 5 2 3 4 6 1 6 2 6 2 4 5 4 3 1 3 2 2 2 1 3 1 4 4 2 1 1 2 5 6 6 3 6 2 4 5 2 1 4 4 3 6 4 2 3 3 2 5 5 3 4 1 2 5 2 3 3 5 6 1 4 2 6 1 3 2 2 5 5 2 4 3 1 3 1 6 4 5 2 1 2 6 3 3 4 6 5 2 5 1 3 2 2 1 5 1 1 6 1 5 2 6 5 1 2 2 6 3 3 6 2 3 2 3 1 5 1 6 6 5 3 3 2 5 6 2 3 3 3 2 6 4 1 5 1 1 3 3 6 1 1 2 4 5 6 1 6 3 6 3 6 3 1 2 1 1 6 2 4 5 1 2 1 4 5 6 2 3 2 2 2 6 2 4 3 2 2 6 4 6 1 4 5 6 4 2 3 1 4 4 3 5 1 1 1 3 1 1 1 1 
Czas obliczen 0[s]

   1.A3(3)---> D(1)
   2.A3(3)---> D(1)
   3.A1(3) AND A3(2)---> D(1)
   4.A6(5)---> D(2)
   5.A11(3)---> D(2)
   6.A2(6)---> D(3)
   7.A13(5)---> D(3)
   8.A13(5)---> D(3)
   9.A14(3)---> D(3)
   10.A1(6)---> D(4)
   11.A3(5)---> D(4)
   12.A5(5)---> D(4)
   13.A11(5)---> D(4)
   14.A1(2) AND A3(6)---> D(5)
   15.A8(2)---> D(6)