20 3
3 2 1623849093 1
7 3 1624111233 6
2 5 1623456648 3
5 3 1624112030 8
3 3 1623587718 4
6 1 1623325578 8
2 7 1626209150 8
8 4 1622539158 5
1 2 1625291660 7
7 7 1622277018 3
3 6 1625815908 2
9 5 1627388780 3
1 7 1625029488 7
4 1 1624636278 8
8 5 1625946978 4
9 4 1624243100 2
6 8 1627257710 8
9 6 1622408088 3
8 9 1626340220 5
6 2 1626995538 9
220599 3
4 4 2 5 -1940992341 4
3 4 2 1 -1942237548 2
1 1 3 5 -1945842031 4
4 1 3 1 -1942040933 7
2 1 1 5 -1942106466 4
1 5 5 2 -1944727834 5
1 2 2 2 -1941909843 1
5 1 4 4 -1941057874 3
5 5 3 1 -1945121048 3
4 5 5 3 -1938108585 10
5 5 5 5 -1938174118 5
5 2 1 3 -1943810420 4
3 2 1 3 -1941188956 8
5 4 1 2 -1943679306 7
4 4 1 4 -1941450928 7
2 2 4 1 -1937977511 5
3 2 2 2 -1943613773 5
5 3 5 1 -1940336971 6
2 4 5 3 -1942958435 5
5 4 5 1 -1942499712 2
4 1 1 3 -1940730177 5
3 5 2 2 -1885417605 6
3 5 4 5 -1939550351 10
3 3 4 4 -1884106977 4
5 1 1 4 -1939681457 4
1 3 1 3 -1883255016 2
2 5 4 1 -1883975935 1
1 3 2 2 -1938829496 7
2 3 2 5 -1881551046 7
2 3 4 3 -1881944260 7
1 4 1 2 -1886793878 1
4 3 3 2 -1887187092 1
3 1 1 1 -1881485513 2
5 1 2 5 -1938370749 9
