20 21
1 1 2 1 2 1 2 1 2 2 2 2 2 2 1 1 2 1 1 1 2 1 2 1 2 2 1 2 1 1 1 1 1 1 2 2 2 1 1 1 2 2 1 1 2 1 2 2 1 1 2 2 2 1 1 1 2 1 1 2 2 2 2 1 2 2 1 2 1 2 2 1 1 1 2 2 2 2 2 1 1 1 1 2 1 1 2 2 2 2 1 1 2 2 2 2 2 2 2 1 2 2 2 1 1 1 1 2 1 2 2 1 1 2 1 1 2 2 1 1 2 2 1 1 2 1 1 1 2 2 2 1 1 1 2 1 2 1 1 1 2 2 2 2 2 2 2 1 2 2 1 2 1 2 2 1 1 2 1 2 1 1 1 1 1 1 2 2 1 2 2 1 2 2 2 2 1 2 2 1 2 2 2 1 1 2 2 2 2 2 2 1 1 1 1 1 2 2 2 1 1 1 1 2 1 1 2 1 2 1 1 1 1 1 1 1 1 2 2 2 2 1 2 1 2 1 2 1 1 2 1 2 2 2 2 1 2 2 2 2 2 1 1 2 1 1 2 2 1 2 1 1 2 2 1 2 2 2 2 2 1 1 2 1 2 1 2 1 2 1 1 1 2 1 2 2 1 1 2 2 2 2 1 2 2 1 2 2 1 2 2 2 2 2 1 1 2 2 1 1 2 2 1 2 1 2 2 1 2 1 1 2 1 2 2 1 1 1 1 2 2 2 1 1 1 2 1 2 2 1 1 1 1 2 1 2 2 2 2 2 1 2 2 2 2 2 2 2 1 1 1 1 1 1 1 2 2 2 2 2 1 2 2 2 1 2 1 2 2 2 2 1 1 1 1 2 2 2 1 1 2 1 1 2 1 1 1 1 2 2 2 1 2 1 2 2 1 1 2 2 2 1 2 2 1 2 2 1 1 2 2 1 1 2 1 1 2 2 1 1 
Czas obliczen 82[s]

   1.A1(2) AND A6(1)---> D(1)
   2.A3(1) AND A5(1)---> D(1)
   3.A6(2) AND A11(1)---> D(1)
   4.A7(1) AND A14(2)---> D(1)
   5.A1(1) AND A7(2)---> D(2)
   6.A1(2) AND A8(1)---> D(2)
   7.A1(1) AND A9(1)---> D(2)
   8.A3(1) AND A6(2)---> D(2)
   9.A3(2) AND A13(1)---> D(2)